@Using Triangular Membership Functions as antecedent fuzzy sets

@Number of Labels in Variable 1: 5
sepalLength:
L_0(5): (3.4934980497871444,4.393498049787145,5.2934980497871456)
L_1(5): (4.003273703738891,4.903273703738892,5.803273703738891)
L_2(5): (5.404280726251586,6.304280726251585,7.204280726251586)
L_3(5): (6.413514794712292,7.313514794712292,8.213514794712292)
L_4(5): (6.776218363152715,7.676218363152715,8.576218363152716)


@Number of Labels in Variable 2: 5
sepalWidth:
L_0(5): (1.4204470841925456,2.0204470841925457,2.620447084192546)
L_1(5): (1.8414326173681117,2.441432617368112,3.0414326173681117)
L_2(5): (2.4260535711631506,3.0260535711631507,3.6260535711631507)
L_3(5): (3.0715083890768162,3.6715083890768163,4.271508389076817)
L_4(5): (4.0058472376151055,4.605847237615106,5.205847237615106)


@Number of Labels in Variable 3: 5
petalLength:
L_0(5): (-0.17727222750886823,1.2977277724911318,2.772727772491132)
L_1(5): (0.6164738327997412,2.0914738327997413,3.5664738327997414)
L_2(5): (2.204415779513007,3.679415779513007,5.154415779513007)
L_3(5): (4.319367208854514,5.794367208854514,7.269367208854514)
L_4(5): (5.037138954370642,6.512138954370641,7.987138954370641)


@Number of Labels in Variable 4: 5
petalWidth:
L_0(5): (-0.5067289605755474,0.09327103942445263,0.6932710394244526)
L_1(5): (0.15327400408271585,0.7532740040827158,1.3532740040827158)
L_2(5): (0.8411111652758171,1.4411111652758173,2.041111165275817)
L_3(5): (1.391409168000988,1.9914091680009878,2.591409168000988)
L_4(5): (1.6870365203059665,2.2870365203059664,2.8870365203059665)
