@Using Triangular Membership Functions as antecedent fuzzy sets

@Number of Labels in Variable 1: 5
sepalLength:
L_0(5): (3.7260894203610855,4.626089420361086,5.526089420361086)
L_1(5): (4.100948804605428,5.000948804605429,5.900948804605428)
L_2(5): (5.3416763619017855,6.241676361901785,7.141676361901785)
L_3(5): (6.200774608976542,7.1007746089765424,8.000774608976542)
L_4(5): (7.218190937486711,8.11819093748671,9.018190937486711)


@Number of Labels in Variable 2: 5
sepalWidth:
L_0(5): (1.4659491981629031,2.0659491981629032,2.6659491981629033)
L_1(5): (2.027947399591143,2.627947399591143,3.227947399591143)
L_2(5): (2.5158487760665476,3.1158487760665476,3.7158487760665477)
L_3(5): (3.459497912766234,4.0594979127662345,4.659497912766234)
L_4(5): (3.813863235230653,4.413863235230654,5.013863235230653)


@Number of Labels in Variable 3: 5
petalLength:
L_0(5): (0.005230707509547239,1.4802307075095473,2.955230707509547)
L_1(5): (0.453023199715919,1.928023199715919,3.403023199715919)
L_2(5): (2.4101575560608346,3.8851575560608347,5.360157556060836)
L_3(5): (4.1324120229191434,5.607412022919144,7.082412022919144)
L_4(5): (5.976539839313295,7.451539839313295,8.926539839313294)


@Number of Labels in Variable 4: 5
petalWidth:
L_0(5): (-0.46690685567031737,0.13309314432968264,0.7330931443296826)
L_1(5): (0.26534018127595715,0.8653401812759571,1.4653401812759572)
L_2(5): (0.9160995234392787,1.5160995234392787,2.1160995234392788)
L_3(5): (1.391278418639918,1.991278418639918,2.591278418639918)
L_4(5): (1.9212073843748056,2.5212073843748057,3.121207384374806)
