@Using Triangular Membership Functions as antecedent fuzzy sets

@Number of Labels in Variable 1: 5
sepalLength:
L_0(5): (3.1997740253546825,4.099774025354683,4.999774025354683)
L_1(5): (4.036668029065694,4.936668029065695,5.836668029065694)
L_2(5): (5.350573034355326,6.250573034355326,7.150573034355326)
L_3(5): (6.275814093842373,7.175814093842374,8.075814093842375)
L_4(5): (6.966476590879298,7.866476590879298,8.766476590879298)


@Number of Labels in Variable 2: 5
sepalWidth:
L_0(5): (1.2782790751135096,1.8782790751135097,2.4782790751135098)
L_1(5): (2.1801667134863,2.7801667134863,3.3801667134863003)
L_2(5): (2.8631855485211934,3.4631855485211935,4.063185548521194)
L_3(5): (3.0499810668366103,3.6499810668366104,4.249981066836611)
L_4(5): (3.793331790996275,4.3933317909962755,4.993331790996275)


@Number of Labels in Variable 3: 5
petalLength:
L_0(5): (-0.44552053629155675,1.0294794637084435,2.5044794637084435)
L_1(5): (0.9473933802602004,2.4223933802602007,3.8973933802602008)
L_2(5): (2.3786941772071835,3.8536941772071835,5.328694177207184)
L_3(5): (3.4187063175165098,4.89370631751651,6.3687063175165095)
L_4(5): (5.1080952927863486,6.583095292786348,8.058095292786348)


@Number of Labels in Variable 4: 5
petalWidth:
L_0(5): (-0.5307635722265411,0.0692364277734589,0.6692364277734588)
L_1(5): (0.15225539157653928,0.7522553915765392,1.3522553915765394)
L_2(5): (0.7743067603545346,1.3743067603545347,1.9743067603545346)
L_3(5): (1.3392108832858964,1.9392108832858963,2.539210883285896)
L_4(5): (1.7173978414737898,2.31739784147379,2.91739784147379)
