@Using Triangular Membership Functions as antecedent fuzzy sets

@Number of Labels in Variable 1: 5
sepalLength:
L_0(5): (3.264489137903733,4.164489137903733,5.064489137903734)
L_1(5): (3.9108907732708578,4.810890773270859,5.710890773270858)
L_2(5): (5.147539249036428,6.0475392490364275,6.947539249036428)
L_3(5): (6.198678287917104,7.098678287917104,7.998678287917104)
L_4(5): (6.942642690470154,7.8426426904701545,8.742642690470154)


@Number of Labels in Variable 2: 5
sepalWidth:
L_0(5): (1.3114910920486416,1.9114910920486416,2.511491092048642)
L_1(5): (1.9105797279326389,2.510579727932639,3.110579727932639)
L_2(5): (2.7444356536210663,3.3444356536210664,3.9444356536210665)
L_3(5): (3.2431827984823887,3.8431827984823888,4.443182798482389)
L_4(5): (3.8120846121140075,4.412084612114008,5.012084612114007)


@Number of Labels in Variable 3: 5
petalLength:
L_0(5): (-0.11985016579519986,1.3551498342048003,2.8301498342048004)
L_1(5): (0.6504471743051934,2.1254471743051937,3.600447174305194)
L_2(5): (2.8750271450119897,4.35002714501199,5.82502714501199)
L_3(5): (3.771404856580004,5.246404856580004,6.721404856580004)
L_4(5): (5.0509705385805574,6.525970538580557,8.000970538580557)


@Number of Labels in Variable 4: 5
petalWidth:
L_0(5): (-0.4390070802030842,0.1609929197969158,0.7609929197969157)
L_1(5): (0.17528855532176602,0.775288555321766,1.375288555321766)
L_2(5): (0.9218312180464331,1.5218312180464333,2.121831218046433)
L_3(5): (1.4529606136941877,2.0529606136941876,2.6529606136941877)
L_4(5): (1.9937145406274646,2.5937145406274644,3.1937145406274645)
