@Using Triangular Membership Functions as antecedent fuzzy sets

@Number of Labels in Variable 1: 5
sepalLength:
L_0(5): (3.6675316724886695,4.56753167248867,5.46753167248867)
L_1(5): (4.3501651362412925,5.250165136241293,6.150165136241292)
L_2(5): (5.436473122315588,6.336473122315588,7.236473122315588)
L_3(5): (6.143982500733371,7.043982500733371,7.943982500733371)
L_4(5): (7.09945729930402,7.99945729930402,8.899457299304022)


@Number of Labels in Variable 2: 5
sepalWidth:
L_0(5): (1.4191755555797976,2.019175555579798,2.619175555579798)
L_1(5): (2.025781498093761,2.6257814980937613,3.2257814980937614)
L_2(5): (2.5747185685318916,3.1747185685318917,3.774718568531892)
L_3(5): (3.3609416147922584,3.9609416147922585,4.560941614792259)
L_4(5): (3.867593052305684,4.467593052305684,5.067593052305684)


@Number of Labels in Variable 3: 5
petalLength:
L_0(5): (-0.4023205763271917,1.0726794236728083,2.5476794236728084)
L_1(5): (0.38673508680690827,1.8617350868069082,3.3367350868069083)
L_2(5): (2.554641002151529,4.029641002151529,5.50464100215153)
L_3(5): (3.6842384039026883,5.159238403902688,6.634238403902688)
L_4(5): (4.983883577706764,6.4588835777067635,7.933883577706763)


@Number of Labels in Variable 4: 5
petalWidth:
L_0(5): (-0.6064488236322664,-0.006448823632266398,0.5935511763677336)
L_1(5): (-0.039211098536567734,0.5607889014634322,1.1607889014634323)
L_2(5): (0.6756637556249848,1.2756637556249848,1.8756637556249847)
L_3(5): (1.2807567389475265,1.8807567389475264,2.4807567389475267)
L_4(5): (1.898989129689946,2.498989129689946,3.098989129689946)
