@Using Triangular Membership Functions as antecedent fuzzy sets

@Number of Labels in Variable 1: 5
sepalLength:
L_0(5): (3.5252880167168157,4.4252880167168165,5.325288016716817)
L_1(5): (4.431906937669732,5.331906937669732,6.231906937669732)
L_2(5): (5.272448452867639,6.172448452867639,7.072448452867639)
L_3(5): (6.402021340832051,7.302021340832051,8.20202134083205)
L_4(5): (7.259579992279892,8.159579992279893,9.059579992279893)


@Number of Labels in Variable 2: 5
sepalWidth:
L_0(5): (1.3070887871189298,1.90708878711893,2.50708878711893)
L_1(5): (1.7838570375541587,2.383857037554159,2.983857037554159)
L_2(5): (2.7422477227702498,3.34224772277025,3.94224772277025)
L_3(5): (3.060644908228191,3.660644908228191,4.2606449082281905)
L_4(5): (3.8007796870767843,4.400779687076784,5.0007796870767836)


@Number of Labels in Variable 3: 5
petalLength:
L_0(5): (-0.2260232166465017,1.2489767833534984,2.7239767833534985)
L_1(5): (0.6301842818684267,2.1051842818684268,3.580184281868427)
L_2(5): (2.498483259279284,3.973483259279284,5.448483259279285)
L_3(5): (3.709676880803819,5.18467688080382,6.659676880803819)
L_4(5): (5.574116202596317,7.049116202596316,8.524116202596316)


@Number of Labels in Variable 4: 5
petalWidth:
L_0(5): (-0.542326642873795,0.0576733571262051,0.657673357126205)
L_1(5): (-0.1455644372822209,0.4544355627177791,1.054435562717779)
L_2(5): (0.6729732834684026,1.2729732834684027,1.8729732834684025)
L_3(5): (1.2741692275265186,1.8741692275265185,2.4741692275265184)
L_4(5): (1.6861476875763128,2.286147687576313,2.886147687576313)
