@Using Triangular Membership Functions as antecedent fuzzy sets

@Number of Labels in Variable 1: 5
sepalLength:
L_0(5): (3.129696692743456,4.029696692743456,4.929696692743456)
L_1(5): (4.26224999038405,5.16224999038405,6.06224999038405)
L_2(5): (5.023670266399696,5.923670266399696,6.823670266399696)
L_3(5): (5.940264130273795,6.840264130273796,7.740264130273796)
L_4(5): (6.673339824705719,7.5733398247057195,8.47333982470572)


@Number of Labels in Variable 2: 5
sepalWidth:
L_0(5): (1.2754879396120422,1.8754879396120423,2.475487939612042)
L_1(5): (1.9109562604673733,2.5109562604673736,3.1109562604673737)
L_2(5): (2.4330616930709583,3.0330616930709584,3.6330616930709585)
L_3(5): (3.20572646401651,3.80572646401651,4.40572646401651)
L_4(5): (3.7908909805947815,4.390890980594781,4.990890980594781)


@Number of Labels in Variable 3: 5
petalLength:
L_0(5): (0.2591749205323157,1.7341749205323158,3.209174920532316)
L_1(5): (1.62026137002863,3.0952613700286298,4.57026137002863)
L_2(5): (2.34893851141825,3.82393851141825,5.298938511418251)
L_3(5): (3.996880681056602,5.471880681056603,6.946880681056602)
L_4(5): (4.92977147751348,6.40477147751348,7.879771477513479)


@Number of Labels in Variable 4: 5
petalWidth:
L_0(5): (-0.5600407487399867,0.03995925126001332,0.6399592512600133)
L_1(5): (0.054516359555070545,0.6545163595550705,1.2545163595550706)
L_2(5): (0.6344256352871358,1.234425635287136,1.8344256352871358)
L_3(5): (1.2984214227944828,1.8984214227944827,2.4984214227944825)
L_4(5): (2.1614437744498973,2.7614437744498974,3.3614437744498975)
