@Using Triangular Membership Functions as antecedent fuzzy sets

@Number of Labels in Variable 1: 5
sepalLength:
L_0(5): (3.1196824664322045,4.019682466432204,4.919682466432205)
L_1(5): (4.255316431033979,5.155316431033979,6.055316431033979)
L_2(5): (5.155575749457731,6.055575749457731,6.955575749457731)
L_3(5): (6.243717243741496,7.143717243741496,8.043717243741495)
L_4(5): (6.663824381111791,7.563824381111791,8.463824381111792)


@Number of Labels in Variable 2: 5
sepalWidth:
L_0(5): (1.6014539102994707,2.201453910299471,2.801453910299471)
L_1(5): (2.197402418331134,2.797402418331134,3.397402418331134)
L_2(5): (2.6519754196177883,3.2519754196177884,3.8519754196177884)
L_3(5): (3.2223029817422626,3.8223029817422627,4.422302981742263)
L_4(5): (3.7827670524650143,4.382767052465015,4.9827670524650145)


@Number of Labels in Variable 3: 5
petalLength:
L_0(5): (0.16106909532798153,1.6360690953279815,3.1110690953279816)
L_1(5): (0.6177736505999836,2.092773650599984,3.567773650599984)
L_2(5): (2.3954384104033863,3.8704384104033864,5.345438410403387)
L_3(5): (4.520144544581853,5.995144544581853,7.470144544581853)
L_4(5): (5.364225174009258,6.839225174009258,8.314225174009257)


@Number of Labels in Variable 4: 5
petalWidth:
L_0(5): (-0.33148238445848605,0.268517615541514,0.868517615541514)
L_1(5): (0.07020914931702853,0.6702091493170285,1.2702091493170287)
L_2(5): (0.6138403347210539,1.213840334721054,1.8138403347210539)
L_3(5): (1.3447992306874132,1.9447992306874131,2.5447992306874134)
L_4(5): (1.9784249721517486,2.5784249721517485,3.1784249721517486)
