@Using Triangular Membership Functions as antecedent fuzzy sets

@Number of Labels in Variable 1: 5
sepalLength:
L_0(5): (3.6051539719549215,4.505153971954922,5.405153971954922)
L_1(5): (4.685623947110381,5.585623947110381,6.485623947110381)
L_2(5): (5.292559739032499,6.1925597390324985,7.092559739032499)
L_3(5): (6.13665963787115,7.036659637871151,7.936659637871151)
L_4(5): (6.829774327416276,7.729774327416276,8.629774327416277)


@Number of Labels in Variable 2: 5
sepalWidth:
L_0(5): (1.5241901416789954,2.1241901416789952,2.7241901416789953)
L_1(5): (2.0966495490355617,2.6966495490355618,3.296649549035562)
L_2(5): (2.5873909729937523,3.1873909729937524,3.7873909729937525)
L_3(5): (3.2663718587456296,3.8663718587456297,4.46637185874563)
L_4(5): (4.040518281663328,4.640518281663328,5.240518281663328)


@Number of Labels in Variable 3: 5
petalLength:
L_0(5): (0.18386853638364986,1.65886853638365,3.13386853638365)
L_1(5): (0.8006630049799127,2.2756630049799127,3.750663004979913)
L_2(5): (2.3634773792056416,3.8384773792056417,5.313477379205643)
L_3(5): (3.4468708740705893,4.92187087407059,6.39687087407059)
L_4(5): (4.951957640178755,6.426957640178754,7.901957640178754)


@Number of Labels in Variable 4: 5
petalWidth:
L_0(5): (-0.5940660440371408,0.005933955962859172,0.6059339559628591)
L_1(5): (0.06442342873282403,0.664423428732824,1.264423428732824)
L_2(5): (0.6595089338839084,1.2595089338839085,1.8595089338839084)
L_3(5): (1.3316069303169529,1.9316069303169527,2.531606930316953)
L_4(5): (1.7945239639736343,2.3945239639736347,2.9945239639736347)
