@Using Triangular Membership Functions as antecedent fuzzy sets

@Number of Labels in Variable 1: 5
sepalLength:
L_0(5): (3.791455837854911,4.691455837854911,5.5914558378549115)
L_1(5): (4.438589747454476,5.338589747454477,6.238589747454476)
L_2(5): (5.534111347906041,6.434111347906041,7.334111347906041)
L_3(5): (5.9868337055288965,6.886833705528897,7.786833705528897)
L_4(5): (7.03746883535262,7.93746883535262,8.83746883535262)


@Number of Labels in Variable 2: 5
sepalWidth:
L_0(5): (1.2620578517853793,1.8620578517853794,2.4620578517853797)
L_1(5): (1.741282667562409,2.341282667562409,2.941282667562409)
L_2(5): (2.6827023425116625,3.2827023425116626,3.8827023425116627)
L_3(5): (3.2373255039640143,3.8373255039640144,4.437325503964014)
L_4(5): (3.6571288876038714,4.257128887603872,4.857128887603872)


@Number of Labels in Variable 3: 5
petalLength:
L_0(5): (-0.7352132066542162,0.7397867933457839,2.214786793345784)
L_1(5): (0.9263194330684524,2.4013194330684526,3.8763194330684527)
L_2(5): (2.6804081273972553,4.155408127397255,5.6304081273972555)
L_3(5): (4.423249267730863,5.898249267730863,7.373249267730863)
L_4(5): (4.998009271713584,6.473009271713583,7.948009271713583)


@Number of Labels in Variable 4: 5
petalWidth:
L_0(5): (-0.4386356936892052,0.1613643063107948,0.7613643063107948)
L_1(5): (-0.030706275277733674,0.5692937247222662,1.1692937247222663)
L_2(5): (0.6096365389181551,1.2096365389181551,1.809636538918155)
L_3(5): (1.2685438180799968,1.8685438180799967,2.4685438180799966)
L_4(5): (1.6288536046425843,2.2288536046425844,2.8288536046425845)
